49016
44890
40824
16216
51992
53754
48982
50992
38910
48986
40312
33780
60284
55864
56120
36754
39704
33044
37534
34652
48760
36152
52666
36576
40432
40544
49112
42522
44888
38860
47890
36664
55896
35262
48442
46968
36122
40794
12146
53106
36666
65392
47952
41842
40754
60252
43864
35258
47418
63344
43644
35392
46656
48664
44958
47706
37312
40828
39800
47696
65240
58984
65384
48874
48720
48804
37336
44376
36360
36758
34672
42854
40722
10842
11028
31560
44016
43642
60272
39736
44922
48952
48968
48208
50336
36376
44970
48728
39752
60176
36658
65360
46002
7032
57096
44144
35440
47928
60186
33822
39050
40106
40866
38530
33820
43610
13558
38232
43806
34906
47450
43098
43902
59994
43802
59998
60122
38460
43614
35358
48122
41562
41822
61400
64404
43818
43838
41752
43832
43834
44840
41784
41738
41750
41756
44826
41740
43776
44810
60178
43826
43810
43822
43786
41770
43794
43800
45100
36638
257
34128
44806
35587
34048
34760
44846
37252
258
11018
10498
2315
42142
48826
40626
44574
43778
0
43790
56124
47422
41742
41774
42766
43814
41762
41730
43798
33058
41432
41218
37706
55552
33284
32780
41868
41166
42188
41278
35162
39262
59738
35706
35646
35194
47386
35130
39218
44410
36218
41294
32862
47454
43358
47486
36894
47480
47194
43386
45628
47406
43390
34942
45374
47390
39106
39042
47656
48042
48040
59814
39840
47916
47912
1670
45358
41334
43326
41006
43318
45178
41246
41310
45406
33142
33087
25654
48034
37244
33214
41358
34274
42458
35640
39310
43336
35666
52002
35590
38786
6992
53690
47370
39754
48902
49936
37822
39278
40206
37708
47728
41632
34816
35330
48840
39170
35090
40196
36250
37138
33046
39680
32778
43906
33178
39578
47674
52634
36544
37360
35592
40086
38868
56114
40756
39418
39706
37724
53594
37818
51096
58350
35670
45690
53255
39586
39460
39694
37530
40730
38710
50578
39732
20298
35632
35482
41792
35586
37220
35636
41744
53764
52122
37394
49970
42898
39052
34990
55484
59914
47984
37810
40838
45488
44288
37638
41220
34388
36628
53518
37120
36744
33076
36926
44836
38686
3920
44822
2306
59032
46578
34564
34130
36982
57268
55086
39196
35078
48860
53900
50316
44956
48892
36760
8972
34444
43412
42668
36488
38540
44828
54924
49688
49756
64142
57880
33574
44562
49944
49082
18688
45934
43418
37424
35152
51550
43328
59794
59778
34962
35602
35122
47490
20254
37914
23296
40890
37464
49052
38000
53600
56402
38974
37148
37108
39868
40510
39664
47498
48634
38360
41098
38238
36924
41582
38462
54928
57274
35200
34288
35290
3010
36762
33458
35234
36498
35642
35032
2970
36306
35224
43480
33752
35314
35226
33250
2810
35728
51634
33714
35730
35570
3056
35762
33202
33308
35034
52092
37470
39514
41500
43866
64314
41854
33374
37758
41786
46546
64584
11354
38168
48408
48920
45384
35662
47500
11032
48456
47552
48396
44841
40322
1056
39212
46476
47496
37128
48400
47372
46976
46848
47874
36740
48520
49026
49024
40896
40912
49040
48512
48466
46416
36506
39580
31823
27742
39566
39598
44420
47494
43678
39810
47580
39326
35214
44800
41292
40235
49726
50566
33550
46654
46852
43420
47380
37646
46894
35644
10122
41599
35804
8463
53451
5057
10953
41644
16092
44702
52956
7812
48772
7820
36492
39636
63694
15058
39562
47810
40068
16973
37583
53326
36364
33420
16652
35988
53902
16526
43628
60554
35584
39002
42674
11073
2987
8487
6882
418
64680
27288
48119
47931
25546
10219
45984
38150
36718
47884
43290
35110
38463
45870
37807
38446
21798
22970
28728
51474
40354
26856
39038
1798
1518
15086
6424
35886
6834
40632
2968
2972
35240
6844
2456
16424
19108
25155
8835
38430
16110
22680
1536
34306
45613
763
2568
36520
32784
47365
39910
16756
51476
39228
43284
15628
14734
18503
41228
59692
348
10584
2310
2316
47399
1291
14983
18453
45357
63573
10840
261
44421
39300
31086
36252
27036
43404
10572
43270
36228
47364
47396
47300
51226
39582
35068
28718
63582
43333
35076
37124
45316
37125
8194
3260
62212
37180
4412
38148
34641
37981
9612
47476
37892
64772
55716
48524
8193
34393
48004
47492
45060
64780
4297
44960
44952
41658
47384
48392
40856
40832
48384
40776
49048
38224
40728
38096
48536
40408
46488
40848
40338
40192
38800
39712
40208
46472
48922
40146
48448
38736
47360
40834
34192
48912
46346
46354
40920
40216
40210
44680
48600
46992
48410
48514
46482
40256
36819
40264
40448
46352
46490
35740
48458
48910
48904
38674
47568
38144
13588
38744
40720
38288
48592
40840
46336
40768
40320
48528
46466
38788
40752
38784
38656
48026
40640
46464
40874
40708
46410
46366
48478
40200
40872
48898
48896
46362
48394
46990
48012
45982
41758
58138
44830
58142
41746
41754
42782
43530
57402
64770
41258
48522
40254
46462
9025
45450
49144
45050
39350
45478
45462
41630
57482
45974
56154
37518
41634
57992
43694
43666
10894
43656
45586
35342
19102
2570
43670
34958
33282
41624
39828
51742
46098
53640
49544
45848
54349
30046
53656
53648
53788
54410
53916
37264
49148
44382
43130
46974
62046
43898
36878
63886
46914
30654
30270
46746
12508
59190
59162
60174
45658
35546
45694
59166
45430
43870
60956
59068
15640
34500
31550
65136
63156
33658
42774
42778
41230
41748
41886
42894
59154
43600
43550
43546
53822
44882
43850
43544
33424
33334
47962
35422
59962
40894
42836
41590
43612
35418
42618
45904
41550
40990
41086
43594
38768
64378
43824
34160
47448
52344
47640
44340
38652
58126
38750
45626
45902
38236
35678
35406
41566
45844
41818
41502
45338
43738
33628
43268
49436
56398
37348
35148
52814
51724
59716
35694
51532
51460
35140
39894
48988
35650
51456
49930
43292
35238
45022
41304
34586
41850
39806
36556
39702
48426
34822
39734
35106
46904
35634
37686
34918
39538
39542
56116
48954
32822
46638
36410
34362
35376
38456
33074
34104
43110
39190
39254
32794
34366
35350
40758
48684
35334
46886
32770
46634
32834
46698
39446
35094
51268
35172
35180
52052
35164
52076
51484
49428
51540
51534
51212
36652
36828
49150
44934
44162
40914
34602
44486
38260
46994
64980
46494
42646
44174
11432
11096
64916
60924
64660
42812
47236
47254
43324
44172
64924
44430
13070
48416
45916
58666
32911
39316
20378
12238
15282
20398
18378
33386
18370
49134
44494
36810
45001
52683
36812
43914
61402
28554
45018
40959
40910
44510
10746
46568
57326
28638
49103
4078
1678
39848
41400
37838
64012
57934
21396
25128
35716
43962
4224
43796
40310
39943
36006
38006
47278
43692
47790
55438
43170
37628
38326
38802
18164
15254
172
40565
2878
43934
50910
16062
47038
40470
3870
33724
43828
64286
52286
43960
34238
39728
34236
42902
1470
39834
25012
43836
38846
22004
57110
47922
10436
38338
40380
36276
48502
27574
41124
51118
58168
3844
11958
7738
49760
52576
7840
60788
51800
25242
35352
37458
29452
43640
61020
2204
13016
8514
33118
40342
42194
42266
34266
42310
41074
37126
26636
47126
9234
40306
1874
33566
37406
49166
37118
47858
47994
33038
33102
33874
32782
44290
49690
43146
8734
37002
34970
33050
42514
41474
44234
35098
37272
44034
54046
37258
45070
40978
37050
23474
32986
37262
57358
17038
19086
55628
46338
39250
34954
49410
45354
51594
35486
51470
49538
37254
32946
4666
32814
51370
8330
49466
43918
47798
18746
32910
36870
34826
45062
6670
36608
38926
43150
47502
47112
37906
8854
37142
36954
38494
45514
35534
35276
49394
53642
57506
34974
33370
33294
49950
35086
37742
33710
36886
47114
846
44454
43340
32798
39502
35050
38092
33134
37230
32846
47438
43132
43630
43018
38964
43022
32994
32926
6
4302
41054
4238
8362
38316
13708
270
16522
57514
36910
366
48138
58862
53676
55722
46574
41646
37260
57870
55690
8398
2110
8978
35374
57422
41534
34830
39182
43038
34922
40190
41262
41238
32786
39730
37658
41790
43888
39398
14856
62960
35222
35206
51994
54076
33470
34010
33498
40670
36946
38018
46154
50076
33006
32970
32914
8222
49754
37678
39314
32978
37022
9038
36942
47778
49084
37222
33608
53574
50006
64270
33092
39919
37202
45910
49110
33654
33598
50032
33652
40822
37170
40214
33602
45198
54098
40710
53750
40406
57760
43942
49952
35630
37362
33136
39750
33108
49478
40903
53568
39814
37218
40895
53570
40935
45410
47950
45318
45958
37750
39767
38262
33712
37814
38704
33638
37862
39366
39318
35266
35202
37732
33094
48470
37366
39670
37234
5910
53562
64318
39796
6790
37236
34678
38814
38258
38902
33618
37232
38718
40766
38782
38878
49492
53606
39878
33090
33088
33106
33606
37718
49986
6994
56082
39746
37206
37190
37654
58722
37794
37956
4490
54062
17798
20358
49510
50606
49582
33578
35150
49958
52110
8974
59146
28426
61194
4494
49470
48830
45954
57610
52202
41866
27534
35082
33166
49038
49482
62862
38538
45454
10158
1994
39882
63900
63914
48586
43470
41422
41806
35270
33734
46982
45422
41870
62366
55046
42794
44478
42250
62438
58298
13198
43690
58250
42890
50054
49992
5582
61706
59266
43398
33194
54170
25578
42394
42302
62346
44942
39886
47578
13196
22278
50954
19246
27402
42762
45964
55274
46030
36616
45966
65006
59022
34054
44938
54054
57230
61314
8070
40330
58254
64398
32558
41934
17290
61342
26538
35598
25862
38822
35182
38284
37582
49934
58314
63262
17354
47094
31626
62446
54190
35686
35802
20362
42926
44346
53130
58282
13192
5002
33546
1930
49998
36750
56266
24874
41346
394
43454
33698
64282
25102
55066
60334
302
50094
25518
20382
58286
59786
42294
50070
58114
58122
59174
59274
8526
26058
46926
61734
45946
49086
27024
45158
51110
40234
46510
6634
39854
53542
45998
33790
38670
47058
41922
63458
62214
9642
54566
38818
48046
37734
54254
13182
62298
61814
59370
41834
42378
54030
58178
42598
41322
60298
37238
50058
58154
58186
58238
49658
49962
59262
37798
8578
50090
61870
37294
41350
262
36238
49446
58798
33542
54146
54186
37886
27018
27010
21386
41802
50062
33614
50958
42990
46970
47982
62330
5068
62382
5070
17322
63326
26382
38738
58366
54198
54182
61812
62282
61710
57774
58322
16742
49574
62350
37150
50574
54150
38858
37282
39850
33582
43978
35610
63370
35154
59226
9610
45482
62858
60810
52618
34186
62434
51146
33190
33702
58794
42922
42910
34700
53070
64426
44874
38734
29646
60170
8010
40750
53022
33742
57626
51982
974
37806
1996
60862
9034
4014
11086
45446
36782
40958
57354
38702
37178
8970
33544
26510
9994
61838
38790
33706
8590
398
9614
47066
46528
57798
34762
43274
60330
49034
57390
61326
48526
42924
46014
42274
5506
38298
59308
60206
8490
46502
53558
34094
43910
13262
35470
42770
902
25418
42270
10058
26506
26378
61290
63258
12170
63374
33148
34058
50534
50478
52678
51558
56790
55698
21436
18310
23454
35768
18314
5038
50598
39842
50982
17166
50466
50950
33200
57738
61886
25486
25482
50570
49634
49418
266
38286
17862
50438
50510
21262
50638
34056
1358
54734
54724
18182
1478
17806
1486
34062
12682
15240
25386
49536
42908
51978
41898
52124
16782
43434
11662
9102
44302
46351
9806
34692
42374
46996
38804
45956
46854
47198
44318
40402
47556
45486
45484
13226
45476
37670
41952
54702
54826
38310
38318
47012
46564
42978
40930
42402
42986
63396
43936
39328
41390
41388
41386
38690
46500
45986
45480
45228
37154
37666
55586
56362
42242
42306
33040
45314
34066
33042
41236
43280
45414
39718
41968
37680
41808
46000
48096
38442
62256
54066
45988
45872
41264
46052
9078
10102
61920
43242
45348
45312
40970
15250
48280
45350
38314
40968
37350
56614
39970
38182
40230
45346
47474
37346
10722
45474
41382
51490
42148
42406
42218
42154
45344
57866
35712
42900
42420
47030
37644
46470
42470
46468
41092
45574
42388
47024
34196
34228
34708
38820
46980
41380
42244
35302
43302
33028
41890
33066
43024
41252
38714
46876
17300
40882
8344
37836
44856
43792
47966
47902
45950
35542
47638
48990
44714
40102
28060
54788
39696
44984
48246
51984
41772
62292
41496
47804
45876
47796
9856
47284
36400
51902
37542
43696
61340
37268
44154
47738
48090
38256
48606
39338
47166
32908
39180
51356
44804
39168
36236
34956
35212
35118
34212
35416
35402
36363
47960
41720
33125
39115
41037
140
41324
38346
1164
49324
58092
41964
4492
718
1676
49738
590
53833
591
719
716
49736
49740
58348
41932
58316
37609
41954
37764
51972
48578
42164
48284
47414
45642
45890
46018
207
5102
39119
4974
39004
33130
41068
43116
41320
33122
36972
37448
36941
36940
37449
33126
38414
35760
39352
11473
4942
39433
40454
40452
40450
38410
38406
38222
37455
37704
53576
37192
33358
54088
45544
46486
43780
10444
12093
44404
10188
9164
39808
46988
47022
43014
42840
44700
44716
35412
43860
4348
44592
36678
47054
42950
36166
36806
42822
45390
43362
44802
46850
45500
45932
12526
45550
42338
44962
48900
41314
34798
42482
42354
8842
58150
42502
52018
37762
39270
48270
48266
37632
38290
38034
43528
38832
3874
52102
12040
34132
42190
60320
39286
33916
42252
60682
52360
44436
12670
52206
51650
51658
40638
51406
35522
51394
53194
52934
52930
52162
51906
53198
50628
60110
52164
43206
51142
52878
51086
59338
53184
61386
52118
57812
51668
61126
56966
49602
52130
54664
51586
60882
39816
51654
60300
36288
56782
52418
49344
52674
35282
58818
60864
59878
52866
60362
61382
52626
51910
43288
34452
18446
34372
42958
49814
49932
13394
8774
10074
39074
63524
51716
10880
972
9946
27306
44778
4486
44076
48300
12090
44591
48532
25216
44946
28296
44862
44460
50829
45738
39210
57658
34294
49450
38891
56204
546
33119
46376
59830
37574
37652
39346
47004
38798
41994
38604
38476
11186
37710
38726
46506
43808
40902
40390
47044
46798
38854
38342
44834
42758
38320
45326
38324
46916
46350
48268
39206
36610
40706
44492
47362
41248
8360
41254
10538
8610
43296
47042
46722
41734
9162
41930
38534
49090
45538
34464
39330
38202
39888
37776
51976
51970
35410
51974
35074
35606
51554
42916
38246
22914
43298
45558
41904
5918
48432
37400
43956
43932
43940
43652
54140
40228
34780
46890
34074
7948
37694
37204
53584
33104
37314
33146
48056
56232
45716
14160
40974
43964
64412
48052
53744
49476
35280
46814
9820
26170
43542
45014
11166
42268
40764
44858
59732
51292
59724
59460
2820
43356
35660
36174
35692
19204
43852
35668
35676
44416
35700
39780
44814
35684
3922
56990
34458
48790
39128
49983
47434
62236
52152
34262
38158
37620
42648
42640
46288
46290
48590
45260
45262
13260
42382
36336
34256
39344
11562
41134
47402
45882
37130
36100
37626
38448
15044
35904
46966
34032
38070
38514
10446
18272
1568
38712
37428
45172
43108
38518
37942
11460
48468
11468
38194
46324
46198
39792
46196
14836
46226
43212
46194
45300
41268
38004
43228
12342
40566
5750
39866
38498
10476
46322
13680
47472
46458
39550
3542
37024
43236
38322
11500
33908
45812
43176
37104
47410
45426
48978
10308
45366
11492
12462
47894
48240
37478
10468
45794
10438
37908
44086
5237
14752
46192
5478
11486
33432
46580
48946
10316
38128
38770
46718
38450
47546
40760
44228
5234
32882
7414
46260
6134
43246
45936
47918
53564
38014
1914
46834
44268
34164
39890
46450
38706
36700
10583
35956
65464
46676
44880
38002
37948
65200
43204
6128
47092
46962
58802
13682
40050
52410
13616
4464
38772
40624
48496
34468
38484
46836
15094
47090
10340
32890
48688
38354
40468
45362
38586
33268
43244
48450
38007
46454
10484
46448
15188
45684
38454
45850
36980
42358
4338
45552
15860
38512
38384
42290
48038
41960
40370
4250
53280
33212
46878
34806
46820
46586
48670
38240
44236
45682
49014
46644
1892
45766
46716
42034
10478
12534
46672
9826
38226
38130
42288
10460
42864
47028
37438
46856
42834
42170
33924
7285
45424
38180
39094
14162
43214
7287
38020
39860
48212
14076
40504
15608
36378
16153
38008
46902
39986
41206
36180
46704
38778
47528
9458
46012
46776
2803
5239
36978
42104
46708
38138
38582
43312
46964
32868
42784
45604
41844
42168
38864
41060
34352
43086
25818
47378
41018
42678
13876
5684
39252
38516
9708
38650
45234
40466
36976
38328
49046
10447
46590
48050
40818
44926
4150
38840
11470
38752
13364
46584
38580
13874
42870
39638
42819
13878
41008
38434
12934
46582
5204
37938
16114
11012
33362
45106
45428
46262
46200
38136
47288
38266
48722
38968
40048
40308
37046
14541
40560
41706
44238
40316
11356
12722
45940
32996
32980
29490
48476
42352
39348
46386
45492
46390
45616
566
37940
38264
11462
5682
46706
10956
38234
48080
43238
38646
38142
40440
46270
40880
36916
42416
43440
34246
46870
46452
46230
45754
14762
48186
35954
14202
8260
5362
36036
14374
48276
38970
10397
38774
10332
37492
1604
38904
36280
3812
45170
43044
38898
14246
44208
14754
10429
38134
36012
5040
8984
5302
25365
10372
28957
10380
41245
42866
14478
37688
38304
34893
61717
11652
13176
48948
16196
4914
48694
33020
4468
14192
46866
13744
10636
46710
45686
13142
34166
37744
34072
36798
44110
48434
44450
44124
48180
48176
38458
44388
5238
60642
38192
38708
43073
38132
4980
38028
36430
46768
46896
47026
48812
37684
37676
35909
40564
39540
39200
44128
38896
14674
40690
36048
40948
47988
39906
43396
49076
48036
2246
38003
37106
36070
4342
312
45160
5428
33842
42076
10032
38672
45854
8700
12792
47308
9144
47446
21922
5444
37042
34004
9212
45112
44854
44286
41298
37364
230
8434
16176
15956
9112
9724
11740
12466
42800
11972
880
43252
5494
10452
7206
34416
32884
11476
15120
15152
12372
45750
15748
37808
37748
39892
44400
44338
4310
306
430
25964
41464
49104
43260
9014
42790
10116
25348
9444
42172
46420
5366
36768
33584
35020
45748
14516
4912
4624
1332
10456
40178
9016
46332
9040
46932
43220
1842
40502
7238
41852
11340
9200
42320
5460
4146
12916
5936
46640
9468
13042
34148
34552
11982
9136
42324
40242
11572
9436
38196
142
48626
8388
37494
38644
13940
12714
37874
35188
10382
33592
57744
32810
49356
49804
49868
33720
57728
50892
33532
50380
13502
12880
10204
62942
60620
10168
34292
46518
37368
48628
48348
10738
48574
32156
8688
45434
2268
9744
53620
33680
10096
48976
46646
38754
34598
42356
46952
38242
10104
14152
5960
38490
38486
46422
46934
48214
38678
38416
40410
38098
46166
46678
38230
38228
38746
5456
36308
12656
5968
37968
40272
40052
38620
38492
42852
42872
37978
37972
37980
40020
42330
42348
9850
9818
46174
46162
38352
38648
38640
46456
38776
38472
13168
6002
38268
38720
46562
46330
46930
46328
46674
46682
46936
5962
38488
38106
5978
46298
38362
46554
46292
40542
40790
14144
5952
46928
5954
22386
48754
40276
49012
48980
38866
48464
33876
37984
5570
38880
47060
42364
54616
46460
46430
37976
38040
38032
36246
39956
48346
46426
39988
39028
34260
46944
46946
22382
38764
22378
40314
38526
38524
38270
38104
42586
46164
46938
47096
58698
42092
42094
38216
38780
38900
7664
5984
4944
47082
38888
46424
46428
38762
47394
38742
38482
38090
38616
38600
38748
46418
38602
38474
40400
7506
5458
48918
46358
37970
38676
38872
34338
37974
46132
48758
46160
42612
5924
5988
14164
38758
46197
42102
46686
46942
46922
46920
38728
38254
38480
34648
55152
57208
49010
49008
46168
46960
48944
48950
48756
46170
38618
38874
38394
38906
38336
42568
42560
42816
46712
42848
46436
38504
38632
38520
34632
5594
14282
34138
34162
34634
38730
46432
38066
40022
40154
40282
38996
42818
42592
47088
40144
46544
38464
42304
46146
45400
46296
34770
58690
50518
38808
37208
46408
58748
55160
54648
38732
38508
5724
6012
5976
14176
42860
42350
9790
42824
10080
9056
40816
7288
5208
5496
5498
5500
5468
5452
13660
5990
48506
40442
48610
48362
46958
38010
38870
40418
40148
46576
38140
38108
8052
38740
38100
38612
38608
46832
45138
42608
9986
42754
10082
10050
46402
38080
46824
46918
38760
38756
38422
38418
46940
46972
42850
15600
7376
40152
7408
42868
38368
37992
42322
62802
42066
34402
5986
34556
34428
38692
5474
5490
5488
40318
5242
6010
40292
40294
38838
47062
40726
13692
46588
14330
13822
38624
40436
46688
13818
38210
5586
5744
5748
38452
48726
46176
38392
40176
40826
40274
40536
34368
33896
34680
22344
38218
62808
40016
40000
40032
42480
9552
42604
46152
37960
46412
10088
8800
5442
4416
46660
46948
13638
13668
48210
48242
10108
46440
38876
5974
5602
38386
38722
25972
42340
58728
5848
46700
38220
5982
5966
5992
5470
63346
38396
38364
38390
38388
38636
5320
9832
9560
46950
6016
5338
6106
6090
34170
34676
25940
62832
46956
46702
59238
46180
37988
37952
42052
62574
40304
38998
6238
14422
4406
40278
6004
5994
5996
38252
34686
34670
38496
48500
38166
48406
48150
46356
36310
36054
36818
42048
42336
13810
48914
38848
34144
38642
37200
15732
48244
5074
4568
4560
46148
6000
10016
46880
14194
30586
40922
40924
38344
38610
34684
40692
63352
63356
39240
34172
49018
8058
46954
48342
48338
46294
46334
48374
65394
55138
57202
65398
40820
26470
40540
40186
48472
40280
46400
40786
40792
40266
1864
5850
46680
40784
46326
48372
46550
48850
40414
40534
59234
5568
6080
5618
13762
13794
42842
6114
6112
14178
46434
26466
38356
13684
15476
42086
42328
8016
46178
37996
38444
62838
38036
38294
38358
47018
47016
38536
46496
6006
5920
38200
62868
54742
14112
46218
46504
38688
37720
46552
38026
38366
62946
10064
42832
46320
1888
46530
62786
42278
1390
1918
14206
6014
13688
36424
46664
34640
7638
6230
39006
40262
5696
5720
38502
38466
40336
44440
44504
5464
46096
34644
42594
38638
34380
5466
18270
55126
42050
58744
37716
54640
6104
5980
51064
17756
27996
59260
47056
14154
38766
9738
46206
40060
37982
46204
5146
5434
40952
42620
34140
42366
38178
5472
42362
42074
33884
42588
42312
42072
38176
5658
38426
38522
38012
5130
38110
5386
48998
30582
37946
55154
65330
48436
15472
47072
42992
6008
48498
62824
28020
5592
40024
38882
36936
38370
25980
5970
47920
55106
55122
5958
38634
35824
2994
41050
45822
41694
46910
34910
33396
47146
40528
57168
41766
38440
5502
42786
40212
38932
51042
34360
43322
47482
39194
43354
38248
46302
9072
34656
41328
57441
34002
43092
47926
46254
35800
40246
42996
5492
34254
48202
25690
37834
48074
5066
13146
4682
37082
53450
38594
22986
37322
49114
4954
5058
37066
45770
39386
61914
40522
14026
5322
39378
5578
37722
4426
47178
9050
322
12746
13258
45386
43154
45918
47946
47302
45898
38606
45534
45838
13274
37850
33346
46026
13130
37842
45510
38598
47582
46034
33218
45258
4420
5998
64312
37076
46908
42623
43464
63786
13936
11930
5246
14394
14378
10298
42042
47244
15654
55592
37136
51316
40526
44876
39772
48984
40940
14200
20206
47440
45900
61272
38826
21292
27260
44490
23468
35674
47992
36635
47898
61108
35672
36384
38621
43582
13389
9310
52992
50944
35360
56322
41002
11016
42144
32800
11746
49704
43066
22284
50720
58112
50976
35860
37037
56766
39506
18466
7132
244
35830
50984
48386
54528
31048
14786
39204
46616
46600
22048
11008
11140
44932
57868
11020
44578
47896
43540
2187
47930
36611
52526
64654
31886
48654
40492
51944
58881
64934
23724
60548
39590
64782
56484
64686
60430
27662
64650
34824
35780
47620
37412
38156
54004
6438
37668
56872
39546
44704
52182
37182
49524
55078
41956
57718
41444
47436
44342
43438
46008
44476
41990
47972
46906
10098
43576
43264
34968
36034
34886
44373
12112
49146
35228
36706
34646
47238
51344
61246
44412
36820
51162
52959
36575
20379
37055
8588
58710
54626
30068
50470
44466
7010
47050
47006
17044
40590
47224
45146
4176
55832
12858
36334
40862
36142
40746
7822
57238
40596
7954
40854
15636
7940
40582
40583
48134
40514
6914
45174
38978
39686
15682
34134
10006
49509
28944
13584
1814
59206
38214
42438
51034
26086
20822
29202
53180
44940
44718
59178
34566
41414
36646
42626
34744
34630
36776
48518
53024
2500
13570
6088
13058
10976
44354
44370
9074
11586
10212
11098
42236
42228
5508
43094
48175
44158
42101
59428
32869
48556
24924
9746
42621
44638
44670
44666
48766
42622
60268
44272
38425
35548
55068
43984
59868
40892
40956
43988
27524
27588
61204
43478
51664
60308
60828
41560
39284
65148
55178
42226
42256
11818
42167
41642
42343
48232
41446
42342
15096
9882
39778
44928
43986
45162
39176
34050
54234
47956
40906
37754
34412
36730
61370
44976
43996
43646
47934
37146
45886
57272
42940
60846
44986
11966
43998
57144
42430
43446
56074
47130
52048
51762
51216
2432
39820
34808
41692
63966
59742
45914
34390
43406
35286
36981
10018
43992
62834
14184
34496
34664
21116
63340
36696
34560
63874
36626
38404
45894
59670
49054
48086
48540
48780
42687
42711
43677
47876
36110
11015
47366
42615
42610
46800
38198
46388
38164
46614
41370
40204
1938
16226
43638
59930
35550
9594
10106
53054
53000
59416
48030
51482
50000
43032
49488
50640
42426
43564
37882
52664
54658
51740
51082
37496
34800
44690
52040
35288
36698
39720
33690
33418
36234
47514
59578
59560
44426
50856
43402
40456
51260
47520
43424
44418
43200
44744
36734
44298
48770
47144
35512
38272
36650
43020
60444
34736
41652
43662
47628
36642
40738
48290
36390
35616
36672
48094
41680
36618
36098
36242
44554
43410
43144
38084
58632
40346
39066
40384
44452
40864
47548
36640
23434
36778
40714
36386
34322
48538
41114
36128
59436
34610
40332
43016
43928
43036
41118
59422
44906
33242
51016
59944
52840
60376
54208
55436
60478
52794
50008
60024
34994
50128
57400
50168
59966
58280
43768
36186
34120
8910
15868
22368
48172
59528
36202
35354
37356
34258
37276
47606
42490
47426
36338
56290
44240
44528
34290
46478
36834
54780
34514
47002
32902
48856
45392
41242
42474
50512
53544
43560
46392
39280
62904
39186
62248
38244
35664
35102
35922
35990
8748
43148
38834
37918
34898
39438
39454
32774
59450
45788
29682
58076
41180
43708
55120
60184
59934
59928
60040
59912
60312
59418
59432
41094
40972
59564
64300
43052
43946
60938
34582
35738
61082
35608
35384
47116
7548
35776
49822
34116
2998
59284
50946
58270
43102
33150
44442
47964
44620
43608
34376
46184
46802
33902
2162
43858
41040
60210
34086
2442
46446
43922
44924
10094
42808
40376
46826
43448
55736
39724
63902
51602
39220
38141
36988
5199
15710
47768
63934
56108
41216
10684
34810
42562
4552
37746
37730
38724
14118
37714
43890
13914
47770
47064
57198
34642
34400
36716
47374
35612
44750
45144
43658
41546
37586
5440
45398
54630
54646
40660
36800
20380
34377
45150
37726
47736
33624
2986
20250
18202
2842
794
33368
42464
37298
37310
45310
43926
39452
37690
48252
3474
42942
35220
34224
34658
41232
40788
40724
48724
11226
34226
50514
46342
62840
42846
47710
35024
58738
34142
47684
18284
33026
39486
63938
43408
35312
41234
37374
45630
58302
58030
34938
37054
39518
41810
43982
48142
35246
41736
53694
19366
36138
33246
33900
34302
45494
5278
33682
54694
46526
38398
38038
35622
55230
5026
33084
34746
934
21918
21934
34758
55294
52022
41402
21906
38894
54582
54710
53686
49654
49526
35472
36496
24486
50662
12978
13986
54758
20386
52134
35048
35055
33964
33967
17318
17330
51154
1430
32998
51526
34278
35142
36342
1638
36326
47940
41972
62966
33414
33478
39414
20846
51174
2038
52708
340
36022
34276
38374
38308
34494
38532
34247
33158
49542
34022
50118
50678
1446
38886
50342
35318
50406
52390
52454
34486
33766
35174
42436
5574
57582
38372
3382
33892
17766
116
34790
34036
9716
40814
34558
20246
18692
37824
34244
57782
50602
1036
17902
49778
33983
57270
50286
35967
49572
54516
40226
33154
51494
54678
49468
50854
1482
22478
5580
56726
38340
3926
16590
1510
50350
50620
6126
36230
1990
18374
54886
50790
21892
38086
50372
19556
5548
17654
1238
18030
21478
40324
54676
50652
23942
7086
1414
33891
54214
34534
1354
5604
38276
1174
38278
50614
19776
36226
23974
21910
4516
21622
42182
57254
21894
7644
50500
7522
5510
36294
40358
5596
50422
39830
35526
57286
37286
3790
34230
39862
38631
56775
49286
55740
40900
21958
6558
6646
1998
17574
49652
40438
52692
40326
40166
36292
54772
54670
50590
6118
22502
5078
33412
37372
52660
56612
38844
53716
52694
21780
1350
61318
35014
53012
33054
44052
33186
3550
55744
4558
4548
49796
36184
52108
36500
37302
37308
39302
17814
18322
20402
26598
52090
46172
35198
42820
52986
62562
33192
38614
58662
46816
41778
33310
32830
47742
33778
35250
33786
52212
39312
35808
43306
37330
33754
44498
22380
40806
43474
60016
14290
13808
14288
6082
44944
36350
38596
43310
41378
35114
46882
13412
7550
36680
43970
35826
2522
35322
42068
44696
35080
41564
59228
19154
39018
40810
34682
38890
58706
51710
47468
37468
1846
26460
46512
39450
42876
35372
50960
39202
35448
58742
61596
53276
45212
45710
32924
39838
49340
32956
45470
45244
47534
61484
53436
45214
36888
37018
53816
39100
53400
37096
35974
45190
33468
37528
37532
37036
53432
37032
37038
47754
37052
45196
37566
53390
41132
41004
62140
37020
37048
37560
37016
53388
37004
39084
55454
49308
45724
33452
32940
32828
37564
37548
37434
53438
37544
61612
53422
53260
38042
49306
53420
45740
41640
53948
45708
45702
41638
47132
53406
61598
49288
45086
36876
39356
32958
34456
33948
35466
35498
33438
39608
35518
35004
60092
4908
45220
45230
61592
61628
56764
56762
52374
64474
39930
23482
45240
41656
42174
55142
13636
48486
51164
34408
43788
2512
65204
8146
7760
5200
5714
58712
12624
40796
3026
43294
46898
45562
35970
54178
39884
40652
33998
40664
40698
34706
38552
48632
5408
5922
5722
47354
41498
58130
47646
11800
41788
45020
39320
48778
39304
38816
38812
51986
36344
39026
46808
39482
21266
39738
46384
37738
14146
34146
5328
5840
35192
39500
38088
43532
60046
45210
34650
35614
38810
14182
40026
50530
39290
20344
10076
6138
40798
40830
5938
38806
48474
22390
42450
43830
1574
33516
48960
34422
38716
36824
61234
63758
36144
12552
42526
43300
43388
14318
34674
48878
34570
41250
46327
13904
9808
43980
35794
14114
38250
39244
39294
35538
33886
39870
48842
49100
44954
43894
46202
46714
1890
25928
39744
46092
44844
35356
35092
33630
11218
8790
34320
1570
8762
11082
8230
45382
12210
16686
46122
45098
11194
13664
34401
15074
49968
33904
49840
10504
32000
11642
10918
45620
43562
44642
39782
35430
48816
34304
57586
44904
35810
57206
31943
11234
53652
11050
24618
20658
11570
10506
10502
35850
42810
36724
42998
41586
10930
43314
41570
44386
35338
10710
42451
33226
1898
58134
25350
44602
47630
39710
51068
40644
36668
47786
35566
42536
2462
33484
51374
2702
9446
36901
36482
30862
38572
37612
39904
40684
39592
33448
48808
37608
47848
62198
40700
47298
57984
60026
48398
33678
41914
43374
50546
35158
33813
4910
31142
33841
8621
390
198
61098
19288
60212
42346
1904
58740
51941
43330
53010
55144
47998
52942
11916
10972
35710
5600
1896
34666
35386
39000
16246
42856
36264
57794
54614
6140
5616
35578
53018
40386
32630
42600
43346
34340
36574
38694
38510
48828
42858
48010
39064
22480
40984
11201
60188
62490
43752
47102
50812
39644
63850
36189
47487
44748
44175
42156
35798
44428
35736
35204
39308
43912
48596
43468
36044
47564
45580
34936
36472
33568
44315
33794
14170
37998
40538
14190
59256
37370
15708
46810
16252
8060
14056
50616
58704
2018
40918
13694
42984
46156
48624
50552
46224
34150
44752
36756
40886
44660
40916
43740
42920
42743
36389
12612
44632
35514
41282
49682
57898
51834
65332
42070
39774
14198
48602
58726
14212
14180
45082
2234
37318
38058
36950
53626
39660
45806
53670
49914
34440
38292
48224
40056
1894
39766
61322
42010
35724
36764
43272
37250
52542
63698
53112
60218
42264
56662
11222
41948
47634
42962
34158
43518
47074
34084
26488
60254
62566
43782
39236
26202
42862
42960
49022
44634
35390
53814
14306
47834
13792
33744
33810
